2023-06-03 10:36:28.091189 1.0 0.001 1.0 39 -0.0 72
2023-06-03 10:36:28.091189 1.1 0.00121 0.80902 20 0.58779 80
2023-06-03 10:36:28.091189 1.2 0.00144 0.30902 70 0.95106 85
2023-06-03 10:36:28.091189 1.3 0.00169 -0.30902 134 0.95106 56
2023-06-03 10:36:28.091189 1.4 0.00196 -0.80902 164 0.58779 62
2023-06-03 10:36:28.091189 1.5 0.00225 -1.0 98 -0.0 72
2023-06-03 10:36:28.091189 1.6 0.00256 -0.80902 69 -0.58779 91
2023-06-03 10:36:28.091189 1.7 0.00289 -0.30902 54 -0.95106 78
2023-06-03 10:36:28.091189 1.8 0.00324 0.30902 144 -0.95106 75
2023-06-03 10:36:28.091189 1.9 0.00361 0.80902 134 -0.58779 62
2023-06-03 10:36:28.091189 2.0 0.004 1.0 128 0.0 77
2023-06-03 10:36:28.091189 2.1 0.00441 0.80902 44 0.58779 68
2023-06-03 10:36:28.091189 2.2 0.00484 0.30902 141 0.95106 70
2023-06-03 10:36:28.091189 2.3 0.00529 -0.30902 159 0.95106 61
2023-06-03 10:36:28.091189 2.4 0.00576 -0.80902 67 0.58779 64
2023-06-03 10:36:28.091189 2.5 0.00625 -1.0 75 -0.0 77
2023-06-03 10:36:28.091189 2.6 0.00676 -0.80902 134 -0.58779 66
2023-06-03 10:36:28.091189 2.7 0.00729 -0.30902 135 -0.95106 72
2023-06-03 10:36:28.091189 2.8 0.00784 0.30902 50 -0.95106 80
2023-06-03 10:36:28.091189 2.9 0.00841 0.80902 22 -0.58779 76
2023-06-03 10:36:28.091189 3.0 0.009 1.0 138 0.0 58
2023-06-03 10:36:28.091189 3.1 0.00961 0.80902 196 0.58779 67
2023-06-03 10:36:28.091189 3.2 0.01024 0.30902 157 0.95106 53
2023-06-03 10:36:28.091189 3.3 0.01089 -0.30902 109 0.95106 62
2023-06-03 10:36:28.091189 3.4 0.01156 -0.80902 93 0.58779 60
2023-06-03 10:36:28.091189 3.5 0.01225 -1.0 196 -0.0 55
2023-06-03 10:36:28.091189 3.6 0.01296 -0.80902 156 -0.58779 86
2023-06-03 10:36:28.091189 3.7 0.01369 -0.30902 28 -0.95106 82
2023-06-03 10:36:28.091189 3.8 0.01444 0.30902 79 -0.95106 57
2023-06-03 10:36:28.091189 3.9 0.01521 0.80902 95 -0.58779 82
2023-06-03 10:36:28.091189 4.0 0.016 1.0 115 0.0 71
2023-06-03 10:36:28.091189 4.1 0.01681 0.80902 7 0.58779 63
2023-06-03 10:36:28.091189 4.2 0.01764 0.30902 151 0.95106 65
2023-06-03 10:36:28.091189 4.3 0.01849 -0.30902 5 0.95106 67
2023-06-03 10:36:28.091189 4.4 0.01936 -0.80902 116 0.58779 65
2023-06-03 10:36:28.091189 4.5 0.02025 -1.0 94 -0.0 84
2023-06-03 10:36:28.091189 4.6 0.02116 -0.80902 56 -0.58779 82
2023-06-03 10:36:28.091189 4.7 0.02209 -0.30902 12 -0.95106 79
2023-06-03 10:36:28.091189 4.8 0.02304 0.30902 162 -0.95106 85
2023-06-03 10:36:28.091189 4.9 0.02401 0.80902 196 -0.58779 57
2023-06-03 10:36:28.091189 5.0 0.025 1.0 143 0.0 87
2023-06-03 10:36:28.091189 5.1 0.02601 0.80902 84 0.58779 77
2023-06-03 10:36:28.091189 5.2 0.02704 0.30902 137 0.95106 71
2023-06-03 10:36:28.091189 5.3 0.02809 -0.30902 53 0.95106 70
2023-06-03 10:36:28.091189 5.4 0.02916 -0.80902 117 0.58779 62
2023-06-03 10:36:28.091189 5.5 0.03025 -1.0 65 -0.0 72
2023-06-03 10:36:28.091189 5.6 0.03136 -0.80902 157 -0.58779 86
2023-06-03 10:36:28.091189 5.7 0.03249 -0.30902 94 -0.95106 77
2023-06-03 10:36:28.091189 5.8 0.03364 0.30902 192 -0.95106 69
2023-06-03 10:36:28.091189 5.9 0.03481 0.80902 46 -0.58779 75
2023-06-03 10:36:28.091189 6.0 0.036 1.0 64 0.0 70
2023-06-03 10:36:28.091189 6.1 0.03721 0.80902 85 0.58779 83
2023-06-03 10:36:28.091189 6.2 0.03844 0.30902 171 0.95106 60
2023-06-03 10:36:28.091189 6.3 0.03969 -0.30902 156 0.95106 84
2023-06-03 10:36:28.091189 6.4 0.04096 -0.80902 1 0.58779 83
2023-06-03 10:36:28.091189 6.5 0.04225 -1.0 165 -0.0 81
2023-06-03 10:36:28.091189 6.6 0.04356 -0.80902 61 -0.58779 75
2023-06-03 10:36:28.091189 6.7 0.04489 -0.30902 11 -0.95106 56
2023-06-03 10:36:28.091189 6.8 0.04624 0.30902 32 -0.95106 62
2023-06-03 10:36:28.091189 6.9 0.04761 0.80902 126 -0.58779 73
2023-06-03 10:36:28.091189 7.0 0.049 1.0 151 0.0 92
2023-06-03 10:36:28.091189 7.1 0.05041 0.80902 77 0.58779 58
2023-06-03 10:36:28.091189 7.2 0.05184 0.30902 7 0.95106 87
2023-06-03 10:36:28.091189 7.3 0.05329 -0.30902 176 0.95106 89
2023-06-03 10:36:28.091189 7.4 0.05476 -0.80902 192 0.58779 66
2023-06-03 10:36:28.091189 7.5 0.05625 -1.0 124 -0.0 59
2023-06-03 10:36:28.091189 7.6 0.05776 -0.80902 161 -0.58779 80
2023-06-03 10:36:28.091189 7.7 0.05929 -0.30902 9 -0.95106 61
2023-06-03 10:36:28.091189 7.8 0.06084 0.30902 178 -0.95106 85
2023-06-03 10:36:28.091189 7.9 0.06241 0.80902 4 -0.58779 79
2023-06-03 10:36:28.091189 8.0 0.064 1.0 126 0.0 62
2023-06-03 10:36:28.091189 8.1 0.06561 0.80902 192 0.58779 89
2023-06-03 10:36:28.091189 8.2 0.06724 0.30902 37 0.95106 74
2023-06-03 10:36:28.091189 8.3 0.06889 -0.30902 74 0.95106 64
2023-06-03 10:36:28.091189 8.4 0.07056 -0.80902 52 0.58779 82
2023-06-03 10:36:28.091189 8.5 0.07225 -1.0 172 -0.0 74
2023-06-03 10:36:28.091189 8.6 0.07396 -0.80902 28 -0.58779 82
2023-06-03 10:36:28.091189 8.7 0.07569 -0.30902 122 -0.95106 68
2023-06-03 10:36:28.091189 8.8 0.07744 0.30902 140 -0.95106 60
2023-06-03 10:36:28.091189 8.9 0.07921 0.80902 15 -0.58779 61
2023-06-03 10:36:28.091189 9.0 0.081 1.0 164 0.0 65
2023-06-03 10:36:28.091189 9.1 0.08281 0.80902 108 0.58779 87
2023-06-03 10:36:28.091189 9.2 0.08464 0.30902 62 0.95106 78
2023-06-03 10:36:28.091189 9.3 0.08649 -0.30902 64 0.95106 55
2023-06-03 10:36:28.091189 9.4 0.08836 -0.80902 107 0.58779 65
2023-06-03 10:36:28.091189 9.5 0.09025 -1.0 20 -0.0 75
2023-06-03 10:36:28.091189 9.6 0.09216 -0.80902 182 -0.58779 74
2023-06-03 10:36:28.091189 9.7 0.09409 -0.30902 10 -0.95106 87
2023-06-03 10:36:28.091189 9.8 0.09604 0.30902 89 -0.95106 87
2023-06-03 10:36:28.091189 9.9 0.09801 0.80902 181 -0.58779 90
2023-06-03 10:36:28.091189 10.0 0.1 1.0 64 0.0 62
2023-06-03 10:36:28.091189 10.1 0.10201 0.80902 137 0.58779 87
2023-06-03 10:36:28.091189 10.2 0.10404 0.30902 66 0.95106 88
2023-06-03 10:36:28.091189 10.3 0.10609 -0.30902 81 0.95106 88
2023-06-03 10:36:28.091189 10.4 0.10816 -0.80902 169 0.58779 85
2023-06-03 10:36:28.091189 10.5 0.11025 -1.0 97 -0.0 90
2023-06-03 10:36:28.091189 10.6 0.11236 -0.80902 124 -0.58779 90
2023-06-03 10:36:28.091189 10.7 0.11449 -0.30902 3 -0.95106 76
2023-06-03 10:36:28.091189 10.8 0.11664 0.30902 103 -0.95106 92
2023-06-03 10:36:28.091189 10.9 0.11881 0.80902 83 -0.58779 69
2023-06-03 10:36:28.091189 11.0 0.121 1.0 17 0.0 64
2023-06-03 10:36:28.091189 11.1 0.12321 0.80902 93 0.58779 63
2023-06-03 10:36:28.091189 11.2 0.12544 0.30902 102 0.95106 84
2023-06-03 10:36:28.091189 11.3 0.12769 -0.30902 89 0.95106 67
2023-06-03 10:36:28.091189 11.4 0.12996 -0.80902 2 0.58779 92
2023-06-03 10:36:28.091189 11.5 0.13225 -1.0 0 -0.0 68
2023-06-03 10:36:28.091189 11.6 0.13456 -0.80902 25 -0.58779 72
2023-06-03 10:36:28.091189 11.7 0.13689 -0.30902 46 -0.95106 67
2023-06-03 10:36:28.091189 11.8 0.13924 0.30902 88 -0.95106 53
2023-06-03 10:36:28.091189 11.9 0.14161 0.80902 119 -0.58779 81
2023-06-03 10:36:28.091189 12.0 0.144 1.0 11 0.0 75
2023-06-03 10:36:28.091189 12.1 0.14641 0.80902 195 0.58779 72
2023-06-03 10:36:28.091189 12.2 0.14884 0.30902 61 0.95106 75
2023-06-03 10:36:28.091189 12.3 0.15129 -0.30902 128 0.95106 81
2023-06-03 10:36:28.091189 12.4 0.15376 -0.80902 196 0.58779 74
2023-06-03 10:36:28.091189 12.5 0.15625 -1.0 82 -0.0 78
2023-06-03 10:36:28.091189 12.6 0.15876 -0.80902 164 -0.58779 76
2023-06-03 10:36:28.091189 12.7 0.16129 -0.30902 70 -0.95106 58
2023-06-03 10:36:28.091189 12.8 0.16384 0.30902 99 -0.95106 62
2023-06-03 10:36:28.091189 12.9 0.16641 0.80902 93 -0.58779 72
2023-06-03 10:36:28.091189 13.0 0.169 1.0 128 0.0 90
2023-06-03 10:36:28.091189 13.1 0.17161 0.80902 194 0.58779 85
2023-06-03 10:36:28.091189 13.2 0.17424 0.30902 142 0.95106 58
2023-06-03 10:36:28.091189 13.3 0.17689 -0.30902 193 0.95106 72
2023-06-03 10:36:28.091189 13.4 0.17956 -0.80902 161 0.58779 90
2023-06-03 10:36:28.091189 13.5 0.18225 -1.0 197 -0.0 92
2023-06-03 10:36:28.091189 13.6 0.18496 -0.80902 24 -0.58779 83
2023-06-03 10:36:28.091189 13.7 0.18769 -0.30902 54 -0.95106 70
2023-06-03 10:36:28.091189 13.8 0.19044 0.30902 37 -0.95106 72
2023-06-03 10:36:28.091189 13.9 0.19321 0.80902 51 -0.58779 64
2023-06-03 10:36:28.091189 14.0 0.196 1.0 44 0.0 53
2023-06-03 10:36:28.091189 14.1 0.19881 0.80902 46 0.58779 62
2023-06-03 10:36:28.091189 14.2 0.20164 0.30902 171 0.95106 76
2023-06-03 10:36:28.091189 14.3 0.20449 -0.30902 110 0.95106 66
2023-06-03 10:36:28.091189 14.4 0.20736 -0.80902 162 0.58779 89
2023-06-03 10:36:28.091189 14.5 0.21025 -1.0 144 -0.0 89
2023-06-03 10:36:28.091189 14.6 0.21316 -0.80902 103 -0.58779 63
2023-06-03 10:36:28.091189 14.7 0.21609 -0.30902 97 -0.95106 62
2023-06-03 10:36:28.091189 14.8 0.21904 0.30902 29 -0.95106 64
2023-06-03 10:36:28.091189 14.9 0.22201 0.80902 192 -0.58779 82
2023-06-03 10:36:28.091189 15.0 0.225 1.0 200 0.0 54
2023-06-03 10:36:28.091189 15.1 0.22801 0.80902 71 0.58779 66
2023-06-03 10:36:28.091189 15.2 0.23104 0.30902 186 0.95106 72
2023-06-03 10:36:28.091189 15.3 0.23409 -0.30902 32 0.95106 61
2023-06-03 10:36:28.091189 15.4 0.23716 -0.80902 135 0.58779 69
2023-06-03 10:36:28.091189 15.5 0.24025 -1.0 153 -0.0 80
2023-06-03 10:36:28.091189 15.6 0.24336 -0.80902 181 -0.58779 74
2023-06-03 10:36:28.091189 15.7 0.24649 -0.30902 93 -0.95106 62
2023-06-03 10:36:28.091189 15.8 0.24964 0.30902 177 -0.95106 73
2023-06-03 10:36:28.091189 15.9 0.25281 0.80902 35 -0.58779 66
2023-06-03 10:36:28.091189 16.0 0.256 1.0 57 0.0 85
2023-06-03 10:36:28.091189 16.1 0.25921 0.80902 26 0.58779 68
2023-06-03 10:36:28.091189 16.2 0.26244 0.30902 195 0.95106 56
2023-06-03 10:36:28.091189 16.3 0.26569 -0.30902 198 0.95106 66
2023-06-03 10:36:28.091189 16.4 0.26896 -0.80902 126 0.58779 58
2023-06-03 10:36:28.091189 16.5 0.27225 -1.0 77 -0.0 61
2023-06-03 10:36:28.091189 16.6 0.27556 -0.80902 122 -0.58779 66
2023-06-03 10:36:28.091189 16.7 0.27889 -0.30902 110 -0.95106 89
2023-06-03 10:36:28.091189 16.8 0.28224 0.30902 61 -0.95106 63
2023-06-03 10:36:28.091189 16.9 0.28561 0.80902 60 -0.58779 83
2023-06-03 10:36:28.091189 17.0 0.289 1.0 19 0.0 63
2023-06-03 10:36:28.091189 17.1 0.29241 0.80902 47 0.58779 60
2023-06-03 10:36:28.091189 17.2 0.29584 0.30902 99 0.95106 79
2023-06-03 10:36:28.091189 17.3 0.29929 -0.30902 7 0.95106 53
2023-06-03 10:36:28.091189 17.4 0.30276 -0.80902 106 0.58779 86
2023-06-03 10:36:28.091189 17.5 0.30625 -1.0 95 -0.0 67
2023-06-03 10:36:28.091189 17.6 0.30976 -0.80902 136 -0.58779 73
2023-06-03 10:36:28.091189 17.7 0.31329 -0.30902 39 -0.95106 78
2023-06-03 10:36:28.091189 17.8 0.31684 0.30902 124 -0.95106 63
2023-06-03 10:36:28.091189 17.9 0.32041 0.80902 67 -0.58779 54
2023-06-03 10:36:28.091189 18.0 0.324 1.0 21 0.0 90
2023-06-03 10:36:28.091189 18.1 0.32761 0.80902 103 0.58779 82
2023-06-03 10:36:28.091189 18.2 0.33124 0.30902 95 0.95106 78
2023-06-03 10:36:28.091189 18.3 0.33489 -0.30902 93 0.95106 78
2023-06-03 10:36:28.091189 18.4 0.33856 -0.80902 18 0.58779 62
2023-06-03 10:36:28.091189 18.5 0.34225 -1.0 62 -0.0 88
2023-06-03 10:36:28.091189 18.6 0.34596 -0.80902 78 -0.58779 79
2023-06-03 10:36:28.091189 18.7 0.34969 -0.30902 78 -0.95106 88
2023-06-03 10:36:28.091189 18.8 0.35344 0.30902 104 -0.95106 65
2023-06-03 10:36:28.091189 18.9 0.35721 0.80902 161 -0.58779 77
2023-06-03 10:36:28.091189 19.0 0.361 1.0 37 0.0 70
2023-06-03 10:36:28.091189 19.1 0.36481 0.80902 16 0.58779 78
2023-06-03 10:36:28.091189 19.2 0.36864 0.30902 52 0.95106 80
2023-06-03 10:36:28.091189 19.3 0.37249 -0.30902 188 0.95106 82
2023-06-03 10:36:28.091189 19.4 0.37636 -0.80902 152 0.58779 55
2023-06-03 10:36:28.091189 19.5 0.38025 -1.0 170 -0.0 80
2023-06-03 10:36:28.091189 19.6 0.38416 -0.80902 120 -0.58779 82
2023-06-03 10:36:28.091189 19.7 0.38809 -0.30902 115 -0.95106 69
2023-06-03 10:36:28.091189 19.8 0.39204 0.30902 165 -0.95106 80
2023-06-03 10:36:28.091189 19.9 0.39601 0.80902 185 -0.58779 74
2023-06-03 10:36:28.091189 20.0 0.4 1.0 90 0.0 53
2023-06-03 10:36:28.091189 20.1 0.40401 0.80902 108 0.58779 67
2023-06-03 10:36:28.091189 20.2 0.40804 0.30902 36 0.95106 56
2023-06-03 10:36:28.091189 20.3 0.41209 -0.30902 7 0.95106 61
2023-06-03 10:36:28.091189 20.4 0.41616 -0.80902 137 0.58779 56
2023-06-03 10:36:28.091189 20.5 0.42025 -1.0 118 -0.0 77
2023-06-03 10:36:28.091189 20.6 0.42436 -0.80902 85 -0.58779 78
2023-06-03 10:36:28.091189 20.7 0.42849 -0.30902 166 -0.95106 59
2023-06-03 10:36:28.091189 20.8 0.43264 0.30902 123 -0.95106 53
2023-06-03 10:36:28.091189 20.9 0.43681 0.80902 99 -0.58779 77
